0.31349277
8.793536
17.976128
17.865025
8.3826275
18.72961
12.105374
5.12341
5.4158487
13.206614
3.042747
0.40864462
14.608087
4.084107
13.256906
10.9951515
19.996199
13.635878
12.258697
14.414412
10.207138
3.7082615
19.29463
2.8086026
12.596749
7.7690926
1.4309881
15.17486
7.779186
15.84728
17.028557
7.500165
14.546956
2.3630054
14.607984
10.7868595
15.181587
6.848553
17.105751
6.968781
11.154926
17.559755
1.5207974
12.718025
19.221052
7.978071
3.9517329
1.142336
17.898827
16.203281
0.024706699
11.373117
14.345055
17.23682
10.711884
16.04407
1.6182886
18.155722
3.5405536
16.660456
16.333237
6.177197
19.19286
16.85898
6.7058167
19.613829
13.496156
3.5583165
0.9888162
11.719408
4.803989
6.00023
6.2981925
17.42537
16.767708
2.6813488
7.8299894
12.96788
6.498687
6.175551
18.467882
18.405533
8.121192
15.846973
8.781343
13.027669
1.7158542
8.453654
7.414441
13.653337
17.653782
16.641792
1.8652561
5.8208575
6.321289
5.330634
9.655924
17.868034
3.2352505
15.987991
